   378
     1   -0.375795    0.650896    0.000000       0.001372
     2   -0.346888    0.600827    0.000000       0.001372
     3   -0.317980    0.550758    0.000000       0.001372
     4   -0.289073    0.500689    0.000000       0.001372
     5   -0.260166    0.450620    0.000000       0.001372
     6   -0.231258    0.400551    0.000000       0.001372
     7   -0.202351    0.350482    0.000000       0.001372
     8   -0.173444    0.300413    0.000000       0.001372
     9   -0.144536    0.250345    0.000000       0.001372
    10   -0.115629    0.200276    0.000000       0.001372
    11   -0.086722    0.150207    0.000000       0.001372
    12   -0.057815    0.100138    0.000000       0.001372
    13   -0.028907    0.050069    0.000000       0.001372
    14    0.000000    0.000000    0.000000       0.001372
    15    0.028907   -0.050069    0.000000       0.001372
    16    0.057815   -0.100138    0.000000       0.001372
    17    0.086722   -0.150207    0.000000       0.001372
    18    0.115629   -0.200276    0.000000       0.001372
    19    0.144536   -0.250345    0.000000       0.001372
    20    0.173444   -0.300413    0.000000       0.001372
    21    0.202351   -0.350482    0.000000       0.001372
    22    0.231258   -0.400551    0.000000       0.001372
    23    0.260166   -0.450620    0.000000       0.001372
    24    0.289073   -0.500689    0.000000       0.001372
    25    0.317980   -0.550758    0.000000       0.001372
    26    0.346888   -0.600827    0.000000       0.001372
    27    0.375795   -0.650896    0.000000       0.001372
    28   -0.346888    0.700965    0.000000       0.002743
    29   -0.317980    0.650896    0.000000       0.002743
    30   -0.289073    0.600827    0.000000       0.002743
    31   -0.260166    0.550758    0.000000       0.002743
    32   -0.231258    0.500689    0.000000       0.002743
    33   -0.202351    0.450620    0.000000       0.002743
    34   -0.173444    0.400551    0.000000       0.002743
    35   -0.144536    0.350482    0.000000       0.002743
    36   -0.115629    0.300413    0.000000       0.002743
    37   -0.086722    0.250345    0.000000       0.002743
    38   -0.057815    0.200276    0.000000       0.002743
    39   -0.028907    0.150207    0.000000       0.002743
    40    0.000000    0.100138    0.000000       0.002743
    41    0.028907    0.050069    0.000000       0.002743
    42    0.057815    0.000000    0.000000       0.002743
    43    0.086722   -0.050069    0.000000       0.002743
    44    0.115629   -0.100138    0.000000       0.002743
    45    0.144536   -0.150207    0.000000       0.002743
    46    0.173444   -0.200276    0.000000       0.002743
    47    0.202351   -0.250345    0.000000       0.002743
    48    0.231258   -0.300413    0.000000       0.002743
    49    0.260166   -0.350482    0.000000       0.002743
    50    0.289073   -0.400551    0.000000       0.002743
    51    0.317980   -0.450620    0.000000       0.002743
    52    0.346888   -0.500689    0.000000       0.002743
    53    0.375795   -0.550758    0.000000       0.002743
    54    0.404702   -0.600827    0.000000       0.002743
    55   -0.317980    0.751034    0.000000       0.002743
    56   -0.289073    0.700965    0.000000       0.002743
    57   -0.260166    0.650896    0.000000       0.002743
    58   -0.231258    0.600827    0.000000       0.002743
    59   -0.202351    0.550758    0.000000       0.002743
    60   -0.173444    0.500689    0.000000       0.002743
    61   -0.144536    0.450620    0.000000       0.002743
    62   -0.115629    0.400551    0.000000       0.002743
    63   -0.086722    0.350482    0.000000       0.002743
    64   -0.057815    0.300413    0.000000       0.002743
    65   -0.028907    0.250345    0.000000       0.002743
    66    0.000000    0.200276    0.000000       0.002743
    67    0.028907    0.150207    0.000000       0.002743
    68    0.057815    0.100138    0.000000       0.002743
    69    0.086722    0.050069    0.000000       0.002743
    70    0.115629    0.000000    0.000000       0.002743
    71    0.144536   -0.050069    0.000000       0.002743
    72    0.173444   -0.100138    0.000000       0.002743
    73    0.202351   -0.150207    0.000000       0.002743
    74    0.231258   -0.200276    0.000000       0.002743
    75    0.260166   -0.250345    0.000000       0.002743
    76    0.289073   -0.300413    0.000000       0.002743
    77    0.317980   -0.350482    0.000000       0.002743
    78    0.346888   -0.400551    0.000000       0.002743
    79    0.375795   -0.450620    0.000000       0.002743
    80    0.404702   -0.500689    0.000000       0.002743
    81    0.433609   -0.550758    0.000000       0.002743
    82   -0.289073    0.801102    0.000000       0.002743
    83   -0.260166    0.751034    0.000000       0.002743
    84   -0.231258    0.700965    0.000000       0.002743
    85   -0.202351    0.650896    0.000000       0.002743
    86   -0.173444    0.600827    0.000000       0.002743
    87   -0.144536    0.550758    0.000000       0.002743
    88   -0.115629    0.500689    0.000000       0.002743
    89   -0.086722    0.450620    0.000000       0.002743
    90   -0.057815    0.400551    0.000000       0.002743
    91   -0.028907    0.350482    0.000000       0.002743
    92    0.000000    0.300413    0.000000       0.002743
    93    0.028907    0.250345    0.000000       0.002743
    94    0.057815    0.200276    0.000000       0.002743
    95    0.086722    0.150207    0.000000       0.002743
    96    0.115629    0.100138    0.000000       0.002743
    97    0.144536    0.050069    0.000000       0.002743
    98    0.173444    0.000000    0.000000       0.002743
    99    0.202351   -0.050069    0.000000       0.002743
   100    0.231258   -0.100138    0.000000       0.002743
   101    0.260166   -0.150207    0.000000       0.002743
   102    0.289073   -0.200276    0.000000       0.002743
   103    0.317980   -0.250345    0.000000       0.002743
   104    0.346888   -0.300413    0.000000       0.002743
   105    0.375795   -0.350482    0.000000       0.002743
   106    0.404702   -0.400551    0.000000       0.002743
   107    0.433609   -0.450620    0.000000       0.002743
   108    0.462517   -0.500689    0.000000       0.002743
   109   -0.260166    0.851171    0.000000       0.002743
   110   -0.231258    0.801102    0.000000       0.002743
   111   -0.202351    0.751034    0.000000       0.002743
   112   -0.173444    0.700965    0.000000       0.002743
   113   -0.144536    0.650896    0.000000       0.002743
   114   -0.115629    0.600827    0.000000       0.002743
   115   -0.086722    0.550758    0.000000       0.002743
   116   -0.057815    0.500689    0.000000       0.002743
   117   -0.028907    0.450620    0.000000       0.002743
   118    0.000000    0.400551    0.000000       0.002743
   119    0.028907    0.350482    0.000000       0.002743
   120    0.057815    0.300413    0.000000       0.002743
   121    0.086722    0.250345    0.000000       0.002743
   122    0.115629    0.200276    0.000000       0.002743
   123    0.144536    0.150207    0.000000       0.002743
   124    0.173444    0.100138    0.000000       0.002743
   125    0.202351    0.050069    0.000000       0.002743
   126    0.231258    0.000000    0.000000       0.002743
   127    0.260166   -0.050069    0.000000       0.002743
   128    0.289073   -0.100138    0.000000       0.002743
   129    0.317980   -0.150207    0.000000       0.002743
   130    0.346888   -0.200276    0.000000       0.002743
   131    0.375795   -0.250345    0.000000       0.002743
   132    0.404702   -0.300413    0.000000       0.002743
   133    0.433609   -0.350482    0.000000       0.002743
   134    0.462517   -0.400551    0.000000       0.002743
   135    0.491424   -0.450620    0.000000       0.002743
   136   -0.231258    0.901240    0.000000       0.002743
   137   -0.202351    0.851171    0.000000       0.002743
   138   -0.173444    0.801102    0.000000       0.002743
   139   -0.144536    0.751034    0.000000       0.002743
   140   -0.115629    0.700965    0.000000       0.002743
   141   -0.086722    0.650896    0.000000       0.002743
   142   -0.057815    0.600827    0.000000       0.002743
   143   -0.028907    0.550758    0.000000       0.002743
   144    0.000000    0.500689    0.000000       0.002743
   145    0.028907    0.450620    0.000000       0.002743
   146    0.057815    0.400551    0.000000       0.002743
   147    0.086722    0.350482    0.000000       0.002743
   148    0.115629    0.300413    0.000000       0.002743
   149    0.144536    0.250345    0.000000       0.002743
   150    0.173444    0.200276    0.000000       0.002743
   151    0.202351    0.150207    0.000000       0.002743
   152    0.231258    0.100138    0.000000       0.002743
   153    0.260166    0.050069    0.000000       0.002743
   154    0.289073    0.000000    0.000000       0.002743
   155    0.317980   -0.050069    0.000000       0.002743
   156    0.346888   -0.100138    0.000000       0.002743
   157    0.375795   -0.150207    0.000000       0.002743
   158    0.404702   -0.200276    0.000000       0.002743
   159    0.433609   -0.250345    0.000000       0.002743
   160    0.462517   -0.300413    0.000000       0.002743
   161    0.491424   -0.350482    0.000000       0.002743
   162    0.520331   -0.400551    0.000000       0.002743
   163   -0.202351    0.951309    0.000000       0.002743
   164   -0.173444    0.901240    0.000000       0.002743
   165   -0.144536    0.851171    0.000000       0.002743
   166   -0.115629    0.801102    0.000000       0.002743
   167   -0.086722    0.751034    0.000000       0.002743
   168   -0.057815    0.700965    0.000000       0.002743
   169   -0.028907    0.650896    0.000000       0.002743
   170    0.000000    0.600827    0.000000       0.002743
   171    0.028907    0.550758    0.000000       0.002743
   172    0.057815    0.500689    0.000000       0.002743
   173    0.086722    0.450620    0.000000       0.002743
   174    0.115629    0.400551    0.000000       0.002743
   175    0.144536    0.350482    0.000000       0.002743
   176    0.173444    0.300413    0.000000       0.002743
   177    0.202351    0.250345    0.000000       0.002743
   178    0.231258    0.200276    0.000000       0.002743
   179    0.260166    0.150207    0.000000       0.002743
   180    0.289073    0.100138    0.000000       0.002743
   181    0.317980    0.050069    0.000000       0.002743
   182    0.346888    0.000000    0.000000       0.002743
   183    0.375795   -0.050069    0.000000       0.002743
   184    0.404702   -0.100138    0.000000       0.002743
   185    0.433609   -0.150207    0.000000       0.002743
   186    0.462517   -0.200276    0.000000       0.002743
   187    0.491424   -0.250345    0.000000       0.002743
   188    0.520331   -0.300413    0.000000       0.002743
   189    0.549239   -0.350482    0.000000       0.002743
   190   -0.173444    1.001378    0.000000       0.002743
   191   -0.144536    0.951309    0.000000       0.002743
   192   -0.115629    0.901240    0.000000       0.002743
   193   -0.086722    0.851171    0.000000       0.002743
   194   -0.057815    0.801102    0.000000       0.002743
   195   -0.028907    0.751034    0.000000       0.002743
   196    0.000000    0.700965    0.000000       0.002743
   197    0.028907    0.650896    0.000000       0.002743
   198    0.057815    0.600827    0.000000       0.002743
   199    0.086722    0.550758    0.000000       0.002743
   200    0.115629    0.500689    0.000000       0.002743
   201    0.144536    0.450620    0.000000       0.002743
   202    0.173444    0.400551    0.000000       0.002743
   203    0.202351    0.350482    0.000000       0.002743
   204    0.231258    0.300413    0.000000       0.002743
   205    0.260166    0.250345    0.000000       0.002743
   206    0.289073    0.200276    0.000000       0.002743
   207    0.317980    0.150207    0.000000       0.002743
   208    0.346888    0.100138    0.000000       0.002743
   209    0.375795    0.050069    0.000000       0.002743
   210    0.404702    0.000000    0.000000       0.002743
   211    0.433609   -0.050069    0.000000       0.002743
   212    0.462517   -0.100138    0.000000       0.002743
   213    0.491424   -0.150207    0.000000       0.002743
   214    0.520331   -0.200276    0.000000       0.002743
   215    0.549239   -0.250345    0.000000       0.002743
   216    0.578146   -0.300413    0.000000       0.002743
   217   -0.144536    1.051447    0.000000       0.002743
   218   -0.115629    1.001378    0.000000       0.002743
   219   -0.086722    0.951309    0.000000       0.002743
   220   -0.057815    0.901240    0.000000       0.002743
   221   -0.028907    0.851171    0.000000       0.002743
   222    0.000000    0.801102    0.000000       0.002743
   223    0.028907    0.751034    0.000000       0.002743
   224    0.057815    0.700965    0.000000       0.002743
   225    0.086722    0.650896    0.000000       0.002743
   226    0.115629    0.600827    0.000000       0.002743
   227    0.144536    0.550758    0.000000       0.002743
   228    0.173444    0.500689    0.000000       0.002743
   229    0.202351    0.450620    0.000000       0.002743
   230    0.231258    0.400551    0.000000       0.002743
   231    0.260166    0.350482    0.000000       0.002743
   232    0.289073    0.300413    0.000000       0.002743
   233    0.317980    0.250345    0.000000       0.002743
   234    0.346888    0.200276    0.000000       0.002743
   235    0.375795    0.150207    0.000000       0.002743
   236    0.404702    0.100138    0.000000       0.002743
   237    0.433609    0.050069    0.000000       0.002743
   238    0.462517    0.000000    0.000000       0.002743
   239    0.491424   -0.050069    0.000000       0.002743
   240    0.520331   -0.100138    0.000000       0.002743
   241    0.549239   -0.150207    0.000000       0.002743
   242    0.578146   -0.200276    0.000000       0.002743
   243    0.607053   -0.250345    0.000000       0.002743
   244   -0.115629    1.101516    0.000000       0.002743
   245   -0.086722    1.051447    0.000000       0.002743
   246   -0.057815    1.001378    0.000000       0.002743
   247   -0.028907    0.951309    0.000000       0.002743
   248    0.000000    0.901240    0.000000       0.002743
   249    0.028907    0.851171    0.000000       0.002743
   250    0.057815    0.801102    0.000000       0.002743
   251    0.086722    0.751034    0.000000       0.002743
   252    0.115629    0.700965    0.000000       0.002743
   253    0.144536    0.650896    0.000000       0.002743
   254    0.173444    0.600827    0.000000       0.002743
   255    0.202351    0.550758    0.000000       0.002743
   256    0.231258    0.500689    0.000000       0.002743
   257    0.260166    0.450620    0.000000       0.002743
   258    0.289073    0.400551    0.000000       0.002743
   259    0.317980    0.350482    0.000000       0.002743
   260    0.346888    0.300413    0.000000       0.002743
   261    0.375795    0.250345    0.000000       0.002743
   262    0.404702    0.200276    0.000000       0.002743
   263    0.433609    0.150207    0.000000       0.002743
   264    0.462517    0.100138    0.000000       0.002743
   265    0.491424    0.050069    0.000000       0.002743
   266    0.520331    0.000000    0.000000       0.002743
   267    0.549239   -0.050069    0.000000       0.002743
   268    0.578146   -0.100138    0.000000       0.002743
   269    0.607053   -0.150207    0.000000       0.002743
   270    0.635961   -0.200276    0.000000       0.002743
   271   -0.086722    1.151585    0.000000       0.002743
   272   -0.057815    1.101516    0.000000       0.002743
   273   -0.028907    1.051447    0.000000       0.002743
   274    0.000000    1.001378    0.000000       0.002743
   275    0.028907    0.951309    0.000000       0.002743
   276    0.057815    0.901240    0.000000       0.002743
   277    0.086722    0.851171    0.000000       0.002743
   278    0.115629    0.801102    0.000000       0.002743
   279    0.144536    0.751034    0.000000       0.002743
   280    0.173444    0.700965    0.000000       0.002743
   281    0.202351    0.650896    0.000000       0.002743
   282    0.231258    0.600827    0.000000       0.002743
   283    0.260166    0.550758    0.000000       0.002743
   284    0.289073    0.500689    0.000000       0.002743
   285    0.317980    0.450620    0.000000       0.002743
   286    0.346888    0.400551    0.000000       0.002743
   287    0.375795    0.350482    0.000000       0.002743
   288    0.404702    0.300413    0.000000       0.002743
   289    0.433609    0.250345    0.000000       0.002743
   290    0.462517    0.200276    0.000000       0.002743
   291    0.491424    0.150207    0.000000       0.002743
   292    0.520331    0.100138    0.000000       0.002743
   293    0.549239    0.050069    0.000000       0.002743
   294    0.578146    0.000000    0.000000       0.002743
   295    0.607053   -0.050069    0.000000       0.002743
   296    0.635961   -0.100138    0.000000       0.002743
   297    0.664868   -0.150207    0.000000       0.002743
   298   -0.057815    1.201654    0.000000       0.002743
   299   -0.028907    1.151585    0.000000       0.002743
   300    0.000000    1.101516    0.000000       0.002743
   301    0.028907    1.051447    0.000000       0.002743
   302    0.057815    1.001378    0.000000       0.002743
   303    0.086722    0.951309    0.000000       0.002743
   304    0.115629    0.901240    0.000000       0.002743
   305    0.144536    0.851171    0.000000       0.002743
   306    0.173444    0.801102    0.000000       0.002743
   307    0.202351    0.751034    0.000000       0.002743
   308    0.231258    0.700965    0.000000       0.002743
   309    0.260166    0.650896    0.000000       0.002743
   310    0.289073    0.600827    0.000000       0.002743
   311    0.317980    0.550758    0.000000       0.002743
   312    0.346888    0.500689    0.000000       0.002743
   313    0.375795    0.450620    0.000000       0.002743
   314    0.404702    0.400551    0.000000       0.002743
   315    0.433609    0.350482    0.000000       0.002743
   316    0.462517    0.300413    0.000000       0.002743
   317    0.491424    0.250345    0.000000       0.002743
   318    0.520331    0.200276    0.000000       0.002743
   319    0.549239    0.150207    0.000000       0.002743
   320    0.578146    0.100138    0.000000       0.002743
   321    0.607053    0.050069    0.000000       0.002743
   322    0.635961    0.000000    0.000000       0.002743
   323    0.664868   -0.050069    0.000000       0.002743
   324    0.693775   -0.100138    0.000000       0.002743
   325   -0.028907    1.251723    0.000000       0.002743
   326    0.000000    1.201654    0.000000       0.002743
   327    0.028907    1.151585    0.000000       0.002743
   328    0.057815    1.101516    0.000000       0.002743
   329    0.086722    1.051447    0.000000       0.002743
   330    0.115629    1.001378    0.000000       0.002743
   331    0.144536    0.951309    0.000000       0.002743
   332    0.173444    0.901240    0.000000       0.002743
   333    0.202351    0.851171    0.000000       0.002743
   334    0.231258    0.801102    0.000000       0.002743
   335    0.260166    0.751034    0.000000       0.002743
   336    0.289073    0.700965    0.000000       0.002743
   337    0.317980    0.650896    0.000000       0.002743
   338    0.346888    0.600827    0.000000       0.002743
   339    0.375795    0.550758    0.000000       0.002743
   340    0.404702    0.500689    0.000000       0.002743
   341    0.433609    0.450620    0.000000       0.002743
   342    0.462517    0.400551    0.000000       0.002743
   343    0.491424    0.350482    0.000000       0.002743
   344    0.520331    0.300413    0.000000       0.002743
   345    0.549239    0.250345    0.000000       0.002743
   346    0.578146    0.200276    0.000000       0.002743
   347    0.607053    0.150207    0.000000       0.002743
   348    0.635961    0.100138    0.000000       0.002743
   349    0.664868    0.050069    0.000000       0.002743
   350    0.693775    0.000000    0.000000       0.002743
   351    0.722682   -0.050069    0.000000       0.002743
   352    0.000000    1.301792    0.000000       0.002743
   353    0.028907    1.251723    0.000000       0.002743
   354    0.057815    1.201654    0.000000       0.002743
   355    0.086722    1.151585    0.000000       0.002743
   356    0.115629    1.101516    0.000000       0.002743
   357    0.144536    1.051447    0.000000       0.002743
   358    0.173444    1.001378    0.000000       0.002743
   359    0.202351    0.951309    0.000000       0.002743
   360    0.231258    0.901240    0.000000       0.002743
   361    0.260166    0.851171    0.000000       0.002743
   362    0.289073    0.801102    0.000000       0.002743
   363    0.317980    0.751034    0.000000       0.002743
   364    0.346888    0.700965    0.000000       0.002743
   365    0.375795    0.650896    0.000000       0.002743
   366    0.404702    0.600827    0.000000       0.002743
   367    0.433609    0.550758    0.000000       0.002743
   368    0.462517    0.500689    0.000000       0.002743
   369    0.491424    0.450620    0.000000       0.002743
   370    0.520331    0.400551    0.000000       0.002743
   371    0.549239    0.350482    0.000000       0.002743
   372    0.578146    0.300413    0.000000       0.002743
   373    0.607053    0.250345    0.000000       0.002743
   374    0.635961    0.200276    0.000000       0.002743
   375    0.664868    0.150207    0.000000       0.002743
   376    0.693775    0.100138    0.000000       0.002743
   377    0.722682    0.050069    0.000000       0.002743
   378    0.751590    0.000000    0.000000       0.002743
