   312
     1   -0.357728    0.619603    0.000000       0.001736
     2   -0.325207    0.563275    0.000000       0.001736
     3   -0.292686    0.506948    0.000000       0.001736
     4   -0.260166    0.450620    0.000000       0.001736
     5   -0.227645    0.394293    0.000000       0.001736
     6   -0.195124    0.337965    0.000000       0.001736
     7   -0.162604    0.281638    0.000000       0.001736
     8   -0.130083    0.225310    0.000000       0.001736
     9   -0.097562    0.168983    0.000000       0.001736
    10   -0.065041    0.112655    0.000000       0.001736
    11   -0.032521    0.056328    0.000000       0.001736
    12    0.000000    0.000000    0.000000       0.001736
    13    0.032521   -0.056328    0.000000       0.001736
    14    0.065041   -0.112655    0.000000       0.001736
    15    0.097562   -0.168983    0.000000       0.001736
    16    0.130083   -0.225310    0.000000       0.001736
    17    0.162604   -0.281638    0.000000       0.001736
    18    0.195124   -0.337965    0.000000       0.001736
    19    0.227645   -0.394293    0.000000       0.001736
    20    0.260166   -0.450620    0.000000       0.001736
    21    0.292686   -0.506948    0.000000       0.001736
    22    0.325207   -0.563275    0.000000       0.001736
    23    0.357728   -0.619603    0.000000       0.001736
    24    0.390248   -0.675930    0.000000       0.001736
    25   -0.325207    0.675930    0.000000       0.003472
    26   -0.292686    0.619603    0.000000       0.003472
    27   -0.260166    0.563275    0.000000       0.003472
    28   -0.227645    0.506948    0.000000       0.003472
    29   -0.195124    0.450620    0.000000       0.003472
    30   -0.162604    0.394293    0.000000       0.003472
    31   -0.130083    0.337965    0.000000       0.003472
    32   -0.097562    0.281638    0.000000       0.003472
    33   -0.065041    0.225310    0.000000       0.003472
    34   -0.032521    0.168983    0.000000       0.003472
    35    0.000000    0.112655    0.000000       0.003472
    36    0.032521    0.056328    0.000000       0.003472
    37    0.065041    0.000000    0.000000       0.003472
    38    0.097562   -0.056328    0.000000       0.003472
    39    0.130083   -0.112655    0.000000       0.003472
    40    0.162604   -0.168983    0.000000       0.003472
    41    0.195124   -0.225310    0.000000       0.003472
    42    0.227645   -0.281638    0.000000       0.003472
    43    0.260166   -0.337965    0.000000       0.003472
    44    0.292686   -0.394293    0.000000       0.003472
    45    0.325207   -0.450620    0.000000       0.003472
    46    0.357728   -0.506948    0.000000       0.003472
    47    0.390248   -0.563275    0.000000       0.003472
    48    0.422769   -0.619603    0.000000       0.003472
    49   -0.292686    0.732258    0.000000       0.003472
    50   -0.260166    0.675930    0.000000       0.003472
    51   -0.227645    0.619603    0.000000       0.003472
    52   -0.195124    0.563275    0.000000       0.003472
    53   -0.162604    0.506948    0.000000       0.003472
    54   -0.130083    0.450620    0.000000       0.003472
    55   -0.097562    0.394293    0.000000       0.003472
    56   -0.065041    0.337965    0.000000       0.003472
    57   -0.032521    0.281638    0.000000       0.003472
    58    0.000000    0.225310    0.000000       0.003472
    59    0.032521    0.168983    0.000000       0.003472
    60    0.065041    0.112655    0.000000       0.003472
    61    0.097562    0.056328    0.000000       0.003472
    62    0.130083    0.000000    0.000000       0.003472
    63    0.162604   -0.056328    0.000000       0.003472
    64    0.195124   -0.112655    0.000000       0.003472
    65    0.227645   -0.168983    0.000000       0.003472
    66    0.260166   -0.225310    0.000000       0.003472
    67    0.292686   -0.281638    0.000000       0.003472
    68    0.325207   -0.337965    0.000000       0.003472
    69    0.357728   -0.394293    0.000000       0.003472
    70    0.390248   -0.450620    0.000000       0.003472
    71    0.422769   -0.506948    0.000000       0.003472
    72    0.455290   -0.563275    0.000000       0.003472
    73   -0.260166    0.788585    0.000000       0.003472
    74   -0.227645    0.732258    0.000000       0.003472
    75   -0.195124    0.675930    0.000000       0.003472
    76   -0.162604    0.619603    0.000000       0.003472
    77   -0.130083    0.563275    0.000000       0.003472
    78   -0.097562    0.506948    0.000000       0.003472
    79   -0.065041    0.450620    0.000000       0.003472
    80   -0.032521    0.394293    0.000000       0.003472
    81    0.000000    0.337965    0.000000       0.003472
    82    0.032521    0.281638    0.000000       0.003472
    83    0.065041    0.225310    0.000000       0.003472
    84    0.097562    0.168983    0.000000       0.003472
    85    0.130083    0.112655    0.000000       0.003472
    86    0.162604    0.056328    0.000000       0.003472
    87    0.195124    0.000000    0.000000       0.003472
    88    0.227645   -0.056328    0.000000       0.003472
    89    0.260166   -0.112655    0.000000       0.003472
    90    0.292686   -0.168983    0.000000       0.003472
    91    0.325207   -0.225310    0.000000       0.003472
    92    0.357728   -0.281638    0.000000       0.003472
    93    0.390248   -0.337965    0.000000       0.003472
    94    0.422769   -0.394293    0.000000       0.003472
    95    0.455290   -0.450620    0.000000       0.003472
    96    0.487811   -0.506948    0.000000       0.003472
    97   -0.227645    0.844913    0.000000       0.003472
    98   -0.195124    0.788585    0.000000       0.003472
    99   -0.162604    0.732258    0.000000       0.003472
   100   -0.130083    0.675930    0.000000       0.003472
   101   -0.097562    0.619603    0.000000       0.003472
   102   -0.065041    0.563275    0.000000       0.003472
   103   -0.032521    0.506948    0.000000       0.003472
   104    0.000000    0.450620    0.000000       0.003472
   105    0.032521    0.394293    0.000000       0.003472
   106    0.065041    0.337965    0.000000       0.003472
   107    0.097562    0.281638    0.000000       0.003472
   108    0.130083    0.225310    0.000000       0.003472
   109    0.162604    0.168983    0.000000       0.003472
   110    0.195124    0.112655    0.000000       0.003472
   111    0.227645    0.056328    0.000000       0.003472
   112    0.260166    0.000000    0.000000       0.003472
   113    0.292686   -0.056328    0.000000       0.003472
   114    0.325207   -0.112655    0.000000       0.003472
   115    0.357728   -0.168983    0.000000       0.003472
   116    0.390248   -0.225310    0.000000       0.003472
   117    0.422769   -0.281638    0.000000       0.003472
   118    0.455290   -0.337965    0.000000       0.003472
   119    0.487811   -0.394293    0.000000       0.003472
   120    0.520331   -0.450620    0.000000       0.003472
   121   -0.195124    0.901240    0.000000       0.003472
   122   -0.162604    0.844913    0.000000       0.003472
   123   -0.130083    0.788585    0.000000       0.003472
   124   -0.097562    0.732258    0.000000       0.003472
   125   -0.065041    0.675930    0.000000       0.003472
   126   -0.032521    0.619603    0.000000       0.003472
   127    0.000000    0.563275    0.000000       0.003472
   128    0.032521    0.506948    0.000000       0.003472
   129    0.065041    0.450620    0.000000       0.003472
   130    0.097562    0.394293    0.000000       0.003472
   131    0.130083    0.337965    0.000000       0.003472
   132    0.162604    0.281638    0.000000       0.003472
   133    0.195124    0.225310    0.000000       0.003472
   134    0.227645    0.168983    0.000000       0.003472
   135    0.260166    0.112655    0.000000       0.003472
   136    0.292686    0.056328    0.000000       0.003472
   137    0.325207    0.000000    0.000000       0.003472
   138    0.357728   -0.056328    0.000000       0.003472
   139    0.390248   -0.112655    0.000000       0.003472
   140    0.422769   -0.168983    0.000000       0.003472
   141    0.455290   -0.225310    0.000000       0.003472
   142    0.487811   -0.281638    0.000000       0.003472
   143    0.520331   -0.337965    0.000000       0.003472
   144    0.552852   -0.394293    0.000000       0.003472
   145   -0.162604    0.957568    0.000000       0.003472
   146   -0.130083    0.901240    0.000000       0.003472
   147   -0.097562    0.844913    0.000000       0.003472
   148   -0.065041    0.788585    0.000000       0.003472
   149   -0.032521    0.732258    0.000000       0.003472
   150    0.000000    0.675930    0.000000       0.003472
   151    0.032521    0.619603    0.000000       0.003472
   152    0.065041    0.563275    0.000000       0.003472
   153    0.097562    0.506948    0.000000       0.003472
   154    0.130083    0.450620    0.000000       0.003472
   155    0.162604    0.394293    0.000000       0.003472
   156    0.195124    0.337965    0.000000       0.003472
   157    0.227645    0.281638    0.000000       0.003472
   158    0.260166    0.225310    0.000000       0.003472
   159    0.292686    0.168983    0.000000       0.003472
   160    0.325207    0.112655    0.000000       0.003472
   161    0.357728    0.056328    0.000000       0.003472
   162    0.390248    0.000000    0.000000       0.003472
   163    0.422769   -0.056328    0.000000       0.003472
   164    0.455290   -0.112655    0.000000       0.003472
   165    0.487811   -0.168983    0.000000       0.003472
   166    0.520331   -0.225310    0.000000       0.003472
   167    0.552852   -0.281638    0.000000       0.003472
   168    0.585373   -0.337965    0.000000       0.003472
   169   -0.130083    1.013895    0.000000       0.003472
   170   -0.097562    0.957568    0.000000       0.003472
   171   -0.065041    0.901240    0.000000       0.003472
   172   -0.032521    0.844913    0.000000       0.003472
   173    0.000000    0.788585    0.000000       0.003472
   174    0.032521    0.732258    0.000000       0.003472
   175    0.065041    0.675930    0.000000       0.003472
   176    0.097562    0.619603    0.000000       0.003472
   177    0.130083    0.563275    0.000000       0.003472
   178    0.162604    0.506948    0.000000       0.003472
   179    0.195124    0.450620    0.000000       0.003472
   180    0.227645    0.394293    0.000000       0.003472
   181    0.260166    0.337965    0.000000       0.003472
   182    0.292686    0.281638    0.000000       0.003472
   183    0.325207    0.225310    0.000000       0.003472
   184    0.357728    0.168983    0.000000       0.003472
   185    0.390248    0.112655    0.000000       0.003472
   186    0.422769    0.056328    0.000000       0.003472
   187    0.455290    0.000000    0.000000       0.003472
   188    0.487811   -0.056328    0.000000       0.003472
   189    0.520331   -0.112655    0.000000       0.003472
   190    0.552852   -0.168983    0.000000       0.003472
   191    0.585373   -0.225310    0.000000       0.003472
   192    0.617893   -0.281638    0.000000       0.003472
   193   -0.097562    1.070223    0.000000       0.003472
   194   -0.065041    1.013895    0.000000       0.003472
   195   -0.032521    0.957568    0.000000       0.003472
   196    0.000000    0.901240    0.000000       0.003472
   197    0.032521    0.844913    0.000000       0.003472
   198    0.065041    0.788585    0.000000       0.003472
   199    0.097562    0.732258    0.000000       0.003472
   200    0.130083    0.675930    0.000000       0.003472
   201    0.162604    0.619603    0.000000       0.003472
   202    0.195124    0.563275    0.000000       0.003472
   203    0.227645    0.506948    0.000000       0.003472
   204    0.260166    0.450620    0.000000       0.003472
   205    0.292686    0.394293    0.000000       0.003472
   206    0.325207    0.337965    0.000000       0.003472
   207    0.357728    0.281638    0.000000       0.003472
   208    0.390248    0.225310    0.000000       0.003472
   209    0.422769    0.168983    0.000000       0.003472
   210    0.455290    0.112655    0.000000       0.003472
   211    0.487811    0.056328    0.000000       0.003472
   212    0.520331    0.000000    0.000000       0.003472
   213    0.552852   -0.056328    0.000000       0.003472
   214    0.585373   -0.112655    0.000000       0.003472
   215    0.617893   -0.168983    0.000000       0.003472
   216    0.650414   -0.225310    0.000000       0.003472
   217   -0.065041    1.126550    0.000000       0.003472
   218   -0.032521    1.070223    0.000000       0.003472
   219    0.000000    1.013895    0.000000       0.003472
   220    0.032521    0.957568    0.000000       0.003472
   221    0.065041    0.901240    0.000000       0.003472
   222    0.097562    0.844913    0.000000       0.003472
   223    0.130083    0.788585    0.000000       0.003472
   224    0.162604    0.732258    0.000000       0.003472
   225    0.195124    0.675930    0.000000       0.003472
   226    0.227645    0.619603    0.000000       0.003472
   227    0.260166    0.563275    0.000000       0.003472
   228    0.292686    0.506948    0.000000       0.003472
   229    0.325207    0.450620    0.000000       0.003472
   230    0.357728    0.394293    0.000000       0.003472
   231    0.390248    0.337965    0.000000       0.003472
   232    0.422769    0.281638    0.000000       0.003472
   233    0.455290    0.225310    0.000000       0.003472
   234    0.487811    0.168983    0.000000       0.003472
   235    0.520331    0.112655    0.000000       0.003472
   236    0.552852    0.056328    0.000000       0.003472
   237    0.585373    0.000000    0.000000       0.003472
   238    0.617893   -0.056328    0.000000       0.003472
   239    0.650414   -0.112655    0.000000       0.003472
   240    0.682935   -0.168983    0.000000       0.003472
   241   -0.032521    1.182878    0.000000       0.003472
   242    0.000000    1.126550    0.000000       0.003472
   243    0.032521    1.070223    0.000000       0.003472
   244    0.065041    1.013895    0.000000       0.003472
   245    0.097562    0.957568    0.000000       0.003472
   246    0.130083    0.901240    0.000000       0.003472
   247    0.162604    0.844913    0.000000       0.003472
   248    0.195124    0.788585    0.000000       0.003472
   249    0.227645    0.732258    0.000000       0.003472
   250    0.260166    0.675930    0.000000       0.003472
   251    0.292686    0.619603    0.000000       0.003472
   252    0.325207    0.563275    0.000000       0.003472
   253    0.357728    0.506948    0.000000       0.003472
   254    0.390248    0.450620    0.000000       0.003472
   255    0.422769    0.394293    0.000000       0.003472
   256    0.455290    0.337965    0.000000       0.003472
   257    0.487811    0.281638    0.000000       0.003472
   258    0.520331    0.225310    0.000000       0.003472
   259    0.552852    0.168983    0.000000       0.003472
   260    0.585373    0.112655    0.000000       0.003472
   261    0.617893    0.056328    0.000000       0.003472
   262    0.650414    0.000000    0.000000       0.003472
   263    0.682935   -0.056328    0.000000       0.003472
   264    0.715456   -0.112655    0.000000       0.003472
   265    0.000000    1.239205    0.000000       0.003472
   266    0.032521    1.182878    0.000000       0.003472
   267    0.065041    1.126550    0.000000       0.003472
   268    0.097562    1.070223    0.000000       0.003472
   269    0.130083    1.013895    0.000000       0.003472
   270    0.162604    0.957568    0.000000       0.003472
   271    0.195124    0.901240    0.000000       0.003472
   272    0.227645    0.844913    0.000000       0.003472
   273    0.260166    0.788585    0.000000       0.003472
   274    0.292686    0.732258    0.000000       0.003472
   275    0.325207    0.675930    0.000000       0.003472
   276    0.357728    0.619603    0.000000       0.003472
   277    0.390248    0.563275    0.000000       0.003472
   278    0.422769    0.506948    0.000000       0.003472
   279    0.455290    0.450620    0.000000       0.003472
   280    0.487811    0.394293    0.000000       0.003472
   281    0.520331    0.337965    0.000000       0.003472
   282    0.552852    0.281638    0.000000       0.003472
   283    0.585373    0.225310    0.000000       0.003472
   284    0.617893    0.168983    0.000000       0.003472
   285    0.650414    0.112655    0.000000       0.003472
   286    0.682935    0.056328    0.000000       0.003472
   287    0.715456    0.000000    0.000000       0.003472
   288    0.747976   -0.056328    0.000000       0.003472
   289    0.032521    1.295533    0.000000       0.001736
   290    0.065041    1.239205    0.000000       0.001736
   291    0.097562    1.182878    0.000000       0.001736
   292    0.130083    1.126550    0.000000       0.001736
   293    0.162604    1.070223    0.000000       0.001736
   294    0.195124    1.013895    0.000000       0.001736
   295    0.227645    0.957568    0.000000       0.001736
   296    0.260166    0.901240    0.000000       0.001736
   297    0.292686    0.844913    0.000000       0.001736
   298    0.325207    0.788585    0.000000       0.001736
   299    0.357728    0.732258    0.000000       0.001736
   300    0.390248    0.675930    0.000000       0.001736
   301    0.422769    0.619603    0.000000       0.001736
   302    0.455290    0.563275    0.000000       0.001736
   303    0.487811    0.506948    0.000000       0.001736
   304    0.520331    0.450620    0.000000       0.001736
   305    0.552852    0.394293    0.000000       0.001736
   306    0.585373    0.337965    0.000000       0.001736
   307    0.617893    0.281638    0.000000       0.001736
   308    0.650414    0.225310    0.000000       0.001736
   309    0.682935    0.168983    0.000000       0.001736
   310    0.715456    0.112655    0.000000       0.001736
   311    0.747976    0.056328    0.000000       0.001736
   312    0.780497    0.000000    0.000000       0.001736
